0.106582165,-255,8
0.050310083,-248,66
0.050031036,-232,192
0.061025634,-50,1648
0.099240489,-253,8
0.055209376,-48,1648
0.050005283,-27,1814
0.052723192,-26,1824
0.064711876,-247,8
0.050699357,-244,32
0.078048669,-243,8
0.072232224,-22,1776
0.055594087,-4,1920
0.051928774,-244,-16
0.236759096,-241,8
0.057230327,-235,56
0.068540268,-195,376
0.051683284,-158,672
0.053579375,-153,712
0.060105961,-150,736
0.056237604,-139,824
0.053368054,-131,888
0.060787383,-125,938
0.059315044,-117,1000
0.095885523,-104,1104
0.051776569,-69,1386
0.084687926,-29,1704
0.053907041,-21,1768
0.098023854,-20,1776
0.054169975,-9,1864
0.103288122,-5,1896
0.052611616,2,1952
0.050310083,-248,-66
0.070145488,-167,582
0.051183205,-131,868
0.060508210,-97,1142
0.051831804,-53,1494
0.068363473,-43,1574
0.054375358,-235,8
0.064164594,-229,8
0.061002962,-98,1056
0.050494932,1,1848
0.067029618,-227,8
0.068958543,-112,928
0.166985109,-225,8
0.057729609,-185,328
0.051354747,-163,504
0.051796880,-159,540
0.058127284,-156,560
0.077141099,-111,922
0.052378308,-95,1048
0.050936572,-87,1112
0.050726462,-85,1130
0.066265076,-74,1216
0.057915885,-44,1456
0.055309396,-43,1466
0.060371917,-1,1800
0.088566117,5,1848
0.058707647,-223,8
0.071706660,-215,8
0.072260566,-193,184
0.051970899,-143,584
0.057905536,-118,784
0.057732653,-91,1000
0.059864905,-80,1088
0.055532917,-211,8
0.053286273,-232,-176
0.130650774,-209,8
0.060358372,-138,576
0.058910977,-5,1640
0.075976349,-170,302
0.070617624,-4,1630
0.065467708,-205,8
0.074535280,-168,304
0.055655595,-149,456
0.052181859,-127,632
0.073335156,-203,8
0.066695616,-148,448
0.053770743,-101,822
0.094513953,-100,832
0.091304749,-195,8
0.055996411,-96,800
0.051820215,20,1710
0.057913311,-189,8
0.100661054,-187,8
0.085241683,-159,232
0.056763839,-124,512
0.060126010,-31,1256
0.085541233,-185,8
0.076065406,-139,376
0.054136455,-90,768
0.073610716,26,1696
0.057201803,-179,8
0.070660934,-122,464
0.062475938,10,1520
0.073444277,22,1616
0.075329907,-193,-168
0.159179926,-171,8
0.070153676,-132,322
0.052171670,-119,424
0.053039514,-118,432
0.050345972,-106,528
0.054590859,-96,608
0.059696801,-92,640
0.091652393,-90,656
0.052490514,-69,824
0.061358482,-59,904
0.055967961,-58,912
0.050235040,-27,1160
0.095257752,14,1488
0.074319661,33,1640
0.081137247,-169,8
0.058650460,-84,686
0.069409683,-167,8
0.051127847,-149,134
0.076696090,-163,8
0.050568257,-100,512
0.056052338,-92,576
0.079267159,-4,1280
0.059994195,-161,8
0.055077575,-157,8
0.090052888,-144,112
0.056756098,-155,8
0.052074548,-82,592
0.075891286,-151,8
0.051113687,-48,832
0.055101540,-195,-360
0.081171021,-149,8
0.069807276,-147,8
0.054707695,38,1488
0.056411833,-185,-312
0.073123924,-145,8
0.051058941,-45,810
0.050557621,-173,-280
0.061636094,-137,8
0.058744919,31,1352
0.104981929,-133,8
0.050079070,11,1162
0.075976349,-170,-302
0.071672715,-168,-288
0.081879832,-159,-216
0.051127847,-149,-134
0.089751199,-144,-96
0.305835336,-131,8
0.084129073,-125,56
0.064981945,-122,80
0.093339905,-112,160
0.080390155,-101,248
0.063899383,-100,256
0.057766043,-96,288
0.058698960,-90,336
0.057778973,-86,368
0.063316673,-65,536
0.064801142,-63,554
0.050941072,-39,744
0.069943331,-38,752
0.084146999,-13,952
0.072640061,-5,1016
0.084201820,4,1088
0.054694850,28,1280
0.147000372,35,1336
0.106336229,43,1400
0.054568734,45,1416
0.074709743,50,1456
0.112726949,-129,8
0.073579498,-118,94
0.069741093,-111,152
0.062640823,-111,154
0.052233163,-99,248
0.072123602,-64,526
0.084986567,-39,726
0.069692582,-38,736
0.050397541,12,1134
0.055756126,47,1416
0.059839867,-127,8
0.050771505,-62,528
0.086038895,-125,-40
0.103730448,-119,8
0.057980146,-116,32
0.051374473,-103,136
0.068144359,-95,200
0.067076370,-60,480
0.061548885,-43,616
0.095622987,-32,704
0.077939324,-7,904
0.073526233,10,1040
0.059542894,-122,-64
0.058108207,-116,-16
0.090319991,-113,8
0.051174086,-100,112
0.055650532,-57,456
0.053825151,-54,480
0.051734187,-54,482
0.055467293,-27,696
0.063534014,-4,880
0.110463999,-111,8
0.052761309,-81,246
0.086384714,-80,256
0.052835912,-53,472
0.073579498,-118,-94
0.114490807,-105,8
0.067403324,-57,392
0.076472133,-51,440
0.053824466,17,986
0.054662276,48,1234
0.052008804,65,1350
0.051231548,-163,-488
0.055413626,-101,8
0.053328671,-97,8
0.052135516,-95,24
0.110767804,-95,8
0.070145488,-167,-582
0.055174727,-149,-440
0.061434187,-148,-432
0.070363730,-139,-360
0.092982650,-112,-144
0.062193524,-111,-136
0.248283416,-93,8
0.063912682,-81,104
0.060238428,-79,120
0.063356437,-79,122
0.057492573,-78,128
0.060989588,-67,216
0.096021898,-45,392
0.103399508,-20,592
0.050259613,-5,712
0.056069542,-1,744
0.058195498,49,1144
0.079234824,54,1184
0.052984517,56,1200
0.080923088,62,1248
0.059440926,63,1256
0.050576624,65,1274
0.087838374,72,1328
0.051796880,-159,-540
0.070153676,-132,-322
0.062640823,-111,-154
0.060452420,-57,278
0.062223464,-45,374
0.051654987,-30,494
0.067949705,-20,574
0.062153880,-19,582
0.062566757,23,918
0.062376156,53,1158
0.059751373,-89,8
0.056687307,-77,104
0.057217557,-156,-544
0.052072726,-103,-120
0.050181091,-100,-96
0.077331647,-87,8
0.116111845,-77,8
0.052366473,-12,528
0.052246593,39,936
0.051379357,-158,-656
0.065894984,-75,8
0.053205322,-143,-568
0.079002835,-101,-232
0.066356242,-95,-184
0.096229427,-71,8
0.055669811,-70,16
0.059601203,-19,424
0.063972056,-9,504
0.083317086,-8,512
0.052322026,25,776
0.066405267,-100,-240
0.065257005,-81,-88
0.059628796,-70,0
0.123045862,-69,8
0.059439216,-39,248
0.060178082,-18,416
0.092843138,-7,504
0.056854967,-119,-408
0.053962644,-81,-104
0.140565038,-67,8
0.072032854,-32,288
0.071440004,66,1072
0.060063306,78,1168
0.058409262,-153,-696
0.068519436,-122,-448
0.052033961,-118,-416
0.063817665,-79,-104
0.054236509,-77,-88
0.189327300,-65,8
0.085742682,-33,264
0.059055433,-31,280
0.056389786,-31,282
0.095832631,-16,400
0.066802979,-11,440
0.059328407,-7,472
0.061766900,-6,480
0.062911637,10,608
0.050018772,20,688
0.075094238,41,856
0.053201996,48,912
0.053456284,59,1000
0.066207260,67,1064
0.072246611,70,1088
0.110761397,79,1160
0.063356437,-79,-122
0.058594469,-78,-112
0.080461487,-63,8
0.057156254,-124,-496
0.059988633,-96,-272
0.153134599,-61,8
0.051459435,-30,256
0.079193860,-28,272
0.061529662,-150,-720
0.082472853,-59,8
0.067918353,71,1048
0.055297326,-51,8
0.058394652,-127,-616
0.053966813,-98,-384
0.056593988,-91,-328
0.068798937,-90,-320
0.052761309,-81,-246
0.081525184,-80,-240
0.127819046,-49,8
0.057955857,-43,56
0.055356786,28,624
0.056058440,28,626
0.054253161,75,1000
0.056731429,76,1008
0.050062746,84,1072
0.050497450,87,1096
0.068161957,-23,198
0.058653660,-67,-200
0.067823946,-41,8
0.052364666,-19,184
0.054587189,-39,8
0.058305491,-139,-808
0.051317301,-84,-368
0.057274304,-43,-40
0.126742899,-37,8
0.053353693,-29,72
0.056768745,-18,160
0.060746759,-16,178
0.064781509,-2,288
0.051109921,9,376
0.068919510,34,576
0.069784902,59,776
0.054229144,82,960
0.077757366,97,1080
0.063218728,-35,8
0.055944379,59,758
0.052480776,54,688
0.052668095,-27,8
0.064784132,-25,8
0.055199455,66,736
0.051183205,-131,-868
0.060849432,-118,-768
0.050817017,-96,-592
0.053212211,-92,-560
0.060452420,-57,-278
0.153589651,-21,8
0.056624301,-8,112
0.065814681,6,224
0.062573068,52,592
0.061944034,67,712
0.073309399,71,744
0.056653436,89,888
0.050991539,90,896
0.067544296,107,1032
0.052716091,112,1072
0.060186170,116,1104
0.060214315,-92,-624
0.071911380,-13,8
0.050791651,-4,80
0.078806825,-11,8
0.052486964,-112,-816
0.092498079,-90,-640
0.050700448,-88,-624
0.056540161,-82,-576
0.076786324,-57,-376
0.061136771,-39,-232
0.157408491,-9,8
0.051594175,54,512
0.062028483,57,536
0.058999382,65,602
0.054087318,75,680
0.057321671,96,850
0.052582558,114,992
0.060787383,-125,-938
0.064971901,-60,-464
0.050951604,-57,-440
0.088150904,-33,-248
0.161244214,-1,8
0.063549943,16,144
0.069343776,23,200
0.073038168,27,232
0.064195402,42,352
0.054997548,52,432
0.054119065,62,514
0.051792201,78,640
0.052585438,99,808
0.071689822,111,904
0.069454901,-65,-520
0.052000437,-30,-240
0.055553932,-18,-144
0.118220352,1,8
0.076089032,3,24
0.064298347,3,26
0.056098405,53,424
0.069158256,-112,-912
0.053770743,-101,-822
0.087863252,-100,-816
0.057274979,-96,-784
0.058650460,-84,-686
0.072123602,-64,-526
0.078364953,-51,-424
0.096367911,-45,-376
0.062223464,-45,-374
0.066421010,-32,-272
0.055623617,-31,-264
0.068161957,-23,-198
0.053977318,-19,-168
0.340853930,3,8
0.108108498,3,10
0.075638153,27,200
0.098470896,28,208
0.062585324,28,210
0.050301436,32,240
0.060750954,38,288
0.051607165,55,424
0.051218335,71,552
0.055764329,84,656
0.056950293,101,792
0.061297290,110,866
0.064149380,113,888
0.077141099,-111,-922
0.052521031,-90,-752
0.050799016,-53,-456
0.056389786,-31,-282
0.079575531,-28,-256
0.058328204,-8,-96
0.108108498,3,-10
0.077111289,3,-8
0.261123061,5,8
0.069513522,5,10
0.055036347,27,182
0.079797007,37,264
0.072213948,113,870
0.070443988,119,918
0.061009094,126,976
0.059448998,-117,-984
0.064801142,-63,-554
0.051734187,-54,-482
0.060746759,-16,-178
0.064298347,3,-26
0.069513522,5,-10
0.055622216,7,8
0.050722569,19,102
0.069021918,30,190
0.050959524,32,206
0.101880066,55,390
0.063293502,11,8
0.053797036,-15,-264
0.050997932,19,8
0.059926514,25,8
0.060520057,27,8
0.069653518,31,8
0.088129617,-104,-1088
0.058498245,-98,-1040
0.063823223,-91,-984
0.062415920,-43,-600
0.051654987,-30,-494
0.064259812,-19,-408
0.063947834,-18,-400
0.095676728,-16,-384
0.061892524,-2,-272
0.069595300,6,-208
0.066458419,16,-128
0.050722569,19,-102
0.179267019,33,8
0.051739801,43,88
0.120302238,44,96
0.078786165,69,296
0.064424776,117,684
0.051967151,132,800
0.056047827,135,824
0.053570401,-95,-1032
0.055296965,35,8
0.051387597,94,478
0.065134160,-11,-424
0.068837404,43,8
0.051154502,124,656
0.088154726,45,8
0.059964299,92,384
0.060508210,-97,-1142
0.069631293,23,-184
0.118998311,47,8
0.055673882,93,376
0.071193188,123,616
0.052253857,49,8
0.052074861,94,368
0.058850512,125,616
0.050532289,-87,-1096
0.059431907,-7,-456
0.076209709,27,-184
0.055036347,27,-182
0.083264604,51,8
0.056411400,125,600
0.060758211,143,744
0.061037444,-59,-888
0.084986567,-39,-726
0.066054314,-38,-720
0.101096168,-20,-576
0.067949705,-20,-574
0.058661014,-9,-488
0.066720143,-6,-464
0.098606504,28,-192
0.050324667,43,-72
0.225253299,53,8
0.052805293,80,224
0.055421330,87,280
0.064735837,122,560
0.058198389,127,602
0.061448216,135,666
0.078982450,145,744
0.063634612,-80,-1072
0.052069638,-58,-896
0.055148009,-48,-816
0.077147424,-38,-736
0.095929310,-32,-688
0.062153880,-19,-582
0.087925732,-8,-496
0.094900206,-7,-488
0.072724633,27,-216
0.062585324,28,-210
0.069021918,30,-190
0.118876554,44,-80
0.215371937,55,8
0.120580547,80,208
0.055565834,82,224
0.058098774,88,272
0.057308413,91,296
0.098703258,97,344
0.058306850,151,776
0.050726462,-85,-1130
0.051058941,-45,-810
0.051545013,30,-208
0.060077358,57,8
0.052422099,-27,-680
0.050959524,32,-206
0.105608411,59,8
0.051601708,72,112
0.059890911,82,192
0.053161997,133,600
0.050281320,32,-224
0.052859854,61,8
0.050210744,129,550
0.050811656,63,8
0.054855309,143,648
0.079777323,37,-248
0.056644145,69,8
0.089350246,71,8
0.060567223,153,664
0.061573084,38,-272
0.069363430,73,8
0.050042383,106,272
0.066370107,-74,-1200
0.064589471,77,8
0.065514185,83,8
0.059208244,10,-592
0.060644906,42,-336
0.052326389,72,-96
0.073891871,85,8
0.052418768,89,8
0.051897313,-1,-728
0.090732321,91,8
0.057422657,97,56
0.067369670,146,450
0.060752466,97,-40
0.105387747,103,8
0.050450698,152,402
0.059451729,153,408
0.051776569,-69,-1386
0.050882541,-50,-1232
0.086979702,-13,-936
0.081248902,-7,-888
0.060489204,-4,-864
0.060098141,28,-608
0.071374625,34,-560
0.056477241,52,-416
0.058824807,53,-408
0.054104820,55,-392
0.101880066,55,-390
0.077331662,69,-280
0.120656617,80,-192
0.061182838,82,-176
0.165936351,105,8
0.061665628,113,72
0.068753593,122,144
0.067046300,168,512
0.056058440,28,-626
0.050029971,80,-208
0.084103398,107,8
0.061766718,82,-208
0.053324234,157,360
0.079926200,115,8
0.050041649,-27,-1144
0.054214466,54,-496
0.050442036,75,-328
0.077277638,117,8
0.058761265,177,488
0.077799492,-5,-1000
0.050598983,1,-952
0.054367930,25,-760
0.055569611,87,-264
0.057042774,88,-256
0.061867695,113,-56
0.085825883,121,8
0.057785679,57,-520
0.141967252,123,8
0.052686829,131,74
0.051764898,-55,-1432
0.063469432,-31,-1240
0.053486902,16,-864
0.067659035,52,-576
0.140165687,125,8
0.054119065,62,-514
0.053009670,91,-280
0.089165047,127,8
0.051454466,-55,-1480
0.051831804,-53,-1494
0.067506552,135,8
0.054995049,-44,-1440
0.105696194,137,8
0.084903911,4,-1072
0.069139287,10,-1024
0.062566757,23,-918
0.055074092,54,-672
0.061360009,92,-368
0.060964353,93,-360
0.089756928,97,-328
0.073203534,122,-128
0.229633793,139,8
0.059574600,188,402
0.055309396,-43,-1466
0.053824466,17,-986
0.058999382,65,-602
0.052686829,131,-74
0.072526753,41,-840
0.051059693,173,216
0.064224213,-50,-1632
0.056449935,-43,-1576
0.068363473,-43,-1574
0.080461688,-4,-1264
0.050397541,12,-1134
0.072079770,59,-760
0.055944379,59,-758
0.065534070,67,-696
0.051387597,94,-478
0.175430879,155,8
0.061063297,178,194
0.058296923,189,280
0.071984455,193,314
0.050238054,195,328
0.053164918,-48,-1632
0.050079070,11,-1162
0.054789305,66,-720
0.141499162,157,8
0.051552363,-6,-1312
0.053816944,75,-664
0.071808159,159,8
0.055032905,179,166
0.053406090,161,8
0.073436037,71,-728
0.080350749,163,8
0.062721938,182,160
0.050843738,199,296
0.051774655,84,-640
0.066868223,165,8
0.075405978,183,152
0.067478538,171,8
0.088046789,-29,-1688
0.053728100,59,-984
0.078897730,183,8
0.056113541,49,-1128
0.065780401,122,-544
0.052808672,191,8
0.062330801,196,50
0.063308783,-22,-1760
0.061566889,-21,-1752
0.051702913,-5,-1624
0.058752432,10,-1504
0.101525865,14,-1472
0.052840762,31,-1336
0.062376156,53,-1158
0.068511590,66,-1056
0.062936679,67,-1048
0.050279509,75,-984
0.058124885,89,-872
0.051008753,93,-840
0.061773434,101,-776
0.058672499,123,-600
0.054221883,125,-584
0.050210744,129,-550
0.232980087,199,8
0.118870288,211,104
0.079233870,217,152
0.050005283,-27,-1814
0.061511531,-26,-1808
0.086767167,-20,-1760
0.070617624,-4,-1630
0.164453983,35,-1320
0.050803971,37,-1304
0.089182436,54,-1168
0.065382957,71,-1032
0.058543909,75,-1000
0.051098261,82,-944
0.054279685,90,-880
0.055404872,125,-600
0.061619285,157,-344
0.052766800,170,-240
0.053558704,179,-168
0.055032905,179,-166
0.062209558,182,-144
0.068031877,183,-136
0.311354727,201,8
0.094270565,209,72
0.055795498,213,104
0.062155224,216,128
0.052713949,218,144
0.058760408,219,152
0.054662276,48,-1234
0.057321671,96,-850
0.064424776,117,-684
0.058198389,127,-602
0.067369670,146,-450
0.050450698,152,-402
0.053912479,153,-392
0.061063297,178,-194
0.062330801,196,-50
0.051469423,201,-8
0.083037421,203,8
0.052502945,56,-1184
0.067164361,70,-1072
0.051394440,124,-640
0.068373412,205,8
0.063466124,207,8
0.069239646,215,8
0.111447923,43,-1384
0.078645676,62,-1232
0.051899511,202,-112
0.084658958,209,-56
0.111789316,217,8
0.063010611,63,-1240
0.061297290,110,-866
0.061448216,135,-666
0.054193366,45,-1400
0.055581249,221,8
0.050324876,-12,-1872
0.061663304,-9,-1848
0.061019611,-1,-1784
0.070470616,22,-1600
0.060403381,38,-1472
0.059201121,47,-1400
0.056055922,78,-1152
0.106854200,79,-1144
0.071156301,111,-888
0.067685336,113,-872
0.072213948,113,-870
0.056274667,143,-632
0.056418438,189,-264
0.116254106,211,-88
0.052925244,214,-64
0.167399243,223,8
0.051013548,229,56
0.050576624,65,-1274
0.055445839,225,8
0.105897203,-5,-1880
0.055055972,1,-1832
0.080273017,50,-1440
0.077382587,97,-1064
0.054939151,132,-784
0.060550854,168,-496
0.067938440,216,-112
0.139914528,231,8
0.071984455,193,-314
0.055588420,-4,-1904
0.091006614,5,-1832
0.051820215,20,-1710
0.052008804,65,-1350
0.070751831,107,-1016
0.070443988,119,-918
0.063045986,143,-728
0.064355567,153,-648
0.052631877,195,-312
0.051922597,199,-280
0.082227126,217,-136
0.051854249,218,-128
0.051671658,229,-40
0.155791312,235,8
0.069825359,26,-1680
0.072133288,33,-1624
0.086971477,72,-1312
0.053144950,114,-976
0.056717984,135,-808
0.079100169,145,-728
0.057093989,177,-472
0.056394838,219,-136
0.132203579,237,8
0.059574600,188,-402
0.056772821,112,-1056
0.057850637,245,8
0.059063096,126,-960
0.059075452,151,-760
0.074131146,247,8
0.057704601,116,-1088
