0.120209,-0.186981
0.942017,0.936340
0.395996,0.999969
0.999969,0.646271
0.853088,-0.129578
0.037933,-0.865631
-0.319458,-1.000000
-0.630524,-0.261597
-0.174957,0.250305
-0.324768,0.721283
-0.925262,0.606598
0.566528,0.361908
0.596039,-0.404175
0.832642,-1.000000
0.999969,-0.740204
0.800903,0.112396
0.406128,0.645386
0.221069,0.999969
-0.308502,0.588898
-0.627075,-0.311005
-0.824799,-1.000000
-0.977051,-0.772522
-0.062164,-0.140411
0.694733,0.588623
0.891113,0.921326
0.999969,0.999969
0.999969,-0.090790
0.464203,-0.634064
0.065704,-0.687836
-0.708038,-0.708740
-0.702362,-0.076691
-1.000000,0.999969
-1.000000,0.919739
-0.511261,0.582458
-0.435699,-0.509918
0.999969,-0.859589
0.999969,-0.796570
0.775116,-0.275818
0.929840,0.604919
-0.270660,0.999969
-0.456726,0.467926
-0.900696,0.102020
-0.928650,-1.000000
-0.776794,-0.992065
-0.627228,-0.191895
0.105255,0.377899
0.586639,0.845184
0.999969,0.885315
0.999969,0.551971
0.955078,-0.146393
0.029449,-0.940582
-0.312988,-0.514221
-1.000000,-0.404907
-1.000000,0.132050
-0.902496,0.826447
-0.189392,0.701080
-0.172058,-0.083344
0.615051,-0.935089
0.850525,-0.694763
0.999969,-0.940002
0.538361,0.112579
0.337555,0.658539
-0.098999,0.837891
-0.461060,0.233765
-0.629700,-0.326935
-0.924683,-1.000000
-0.956940,-1.000000
-0.277924,-0.144897
0.196564,0.865814
0.999969,0.583832
0.862366,0.999969
0.999969,-0.252441
0.390869,-0.637024
0.086700,-0.751221
-0.794464,-0.236237
-1.000000,0.161163
-1.000000,0.906403
-0.597961,0.887573
-0.262177,0.194885
0.286438,-0.422974
0.999969,-0.894745
0.999969,-0.894318
0.945190,-0.082367
0.886963,0.999969
-0.179840,0.998322
-0.376282,0.825134
-0.714264,-0.215363
-1.000000,-0.933563
-0.733612,-1.000000
-0.590912,-0.357513
-0.034119,0.151093
0.730560,0.509644
0.999969,0.912872
0.999969,0.179260
0.474396,-0.469421
0.153839,-0.966949
-0.452332,-0.618835
-1.000000,0.145294
-1.000000,0.410736
-1.000000,0.657593
-0.246002,0.735809
-0.086548,-0.098999
0.645874,-1.000000
0.822144,-0.684296
0.999969,-0.426514
0.572906,0.410309
0.332062,0.999969
-0.164978,0.999969
-0.399139,0.563324
-1.000000,-0.637238
-1.000000,-1.000000
-0.719727,-0.519073
0.302826,-0.207397
0.292358,0.999969
0.999969,0.861938
0.999969,0.912109
0.999969,-0.402710
-0.108093,-1.000000
-0.266724,-0.729950
-0.977142,-0.687408
-0.324829,0.586029
-0.759399,0.999969
-0.315216,0.814697
-0.348541,0.091156
0.329132,-0.163452
0.785797,-1.000000
0.999969,-0.749634
0.784607,-0.153778
0.590729,0.599976
-0.570648,0.855408
-0.702606,0.914215
-1.000000,-0.364105
-1.000000,-1.000000
-0.593536,-1.000000
-0.159485,-0.170563
0.337769,0.189575
0.483673,0.999969
0.999969,0.517944
0.979248,0.082703
0.465179,-1.000000
0.005127,-0.880188
-0.590607,-0.511444
-1.000000,-0.041748
-1.000000,0.886566
-0.967682,0.999969
-0.549194,0.742859
-0.036011,-0.301575
0.587830,-0.691498
0.527222,-0.927063
0.999969,-0.421753
0.739746,0.523529
0.107483,0.941315
-0.441650,0.978943
-1.000000,0.043518
-0.772278,-0.895172
-0.876495,-1.000000
-0.593628,-0.357758
0.414062,0.074738
0.573242,0.699493
0.812195,0.999969
0.909271,0.456512
0.517548,-0.463776
-0.027893,-1.000000
0.234436,-1.000000
-0.411743,-0.188232
-0.924957,0.507812
-1.000000,0.999969
-0.725525,0.420013
-0.039459,0.295502
0.708954,-0.636719
0.603180,-1.000000
0.472839,-0.342346
0.457886,0.091156
0.404846,0.942780
-0.135040,0.992950
-0.606140,0.186340
-1.000000,-1.000000
-0.902832,-0.841187
-0.729950,-0.923187
0.080750,-0.301147
0.129456,0.717133
0.948456,0.844238
0.810272,0.857147
0.771851,-0.022339
0.557465,-1.000000
0.120331,-0.798798
-0.873352,-0.425964
-0.662048,0.556763
-0.827362,0.701416
-0.722290,0.723724
-0.266174,0.400330
0.281647,-0.334595
0.714081,-0.789795
0.998871,-0.814117
0.912445,-0.164703
0.716705,0.812286
0.341370,0.999969
-0.427643,0.864105
-0.947845,-0.093079
-0.853943,-0.944000
-0.740875,-0.863220
-0.560486,-0.591949
0.434723,0.383575
0.775757,0.999969
0.999969,0.999969
0.999969,0.408325
0.681915,-0.223999
-0.098511,-0.572021
-0.470184,-1.000000
-0.879364,-0.453705
-1.000000,0.500854
-0.470673,0.551788
-0.629669,0.543671
0.003815,-0.242706
0.464325,-0.790741
0.681366,-0.896942
0.931946,-0.587280
0.645844,0.200867
0.564575,0.999969
-0.385956,0.789825
-1.000000,-0.084015
-0.635254,-0.576355
-0.624939,-0.948090
-0.583374,-0.837524
-0.336700,0.148346
0.432648,0.796112
0.866119,0.946136
0.999969,0.568817
0.723450,-0.120087
0.429413,-0.973907
-0.134918,-1.000000
-0.986694,-0.417480
-1.000000,0.462769
-1.000000,0.999969
-0.737030,0.839996
-0.183624,0.065247
0.436676,-0.490173
0.169525,-1.000000
0.897827,-0.526703
0.999969,0.035980
0.195404,0.780426
0.096771,0.965332
-0.545166,0.326080
-0.950378,-0.484070
-0.934143,-1.000000
-1.000000,-0.524872
-0.241425,-0.375031
0.688843,0.693939
0.803833,0.999969
0.999969,0.999969
0.736847,0.319214
0.525146,-0.940643
0.051941,-1.000000
-0.436707,-0.467010
-0.984314,0.176392
-1.000000,0.999969
-0.329407,0.964233
-0.835144,0.136780
0.720917,-0.230988
0.782562,-1.000000
0.999969,-0.889923
0.571838,-0.035828
0.491577,0.600922
0.049805,0.999969
-0.339386,0.737732
-1.000000,0.023346
-0.894562,-0.730164
-1.000000,-1.000000
-0.419098,-0.535583
0.257812,0.388885
0.696594,0.556641
0.999969,0.620667
0.999969,0.572723
0.561584,-0.719696
0.279999,-1.000000
-0.541412,-0.698853
-1.000000,-0.368805
-0.786957,0.856964
-0.900970,0.704803
-0.544312,0.608307
0.203674,0.054047
0.664948,-0.622833
0.979248,-0.889160
0.999969,-0.535858
0.989685,0.171143
0.383881,0.745728
-0.376862,0.999969
-0.852753,0.296204
-0.708435,-0.339630
-1.000000,-0.717743
-0.628967,-1.000000
-0.547638,0.235901
0.662018,0.482178
0.999969,0.999969
0.999969,0.999969
0.830902,-0.384460
-0.121948,-0.742279
0.017975,-0.210968
-1.000000,-0.580017
-1.000000,0.385559
-0.957062,0.974945
-0.919159,0.999969
-0.130524,0.574066
0.481628,-0.695312
0.973572,-1.000000
0.839203,-0.738831
0.999969,-0.125031
0.554535,0.999969
0.184662,0.999969
-0.412170,0.764160
-0.700226,-0.299225
-1.000000,-1.000000
-0.814728,-0.797394
-0.104980,-0.527832
-0.252228,0.475403
0.594299,0.738007
0.690887,0.999969
0.858368,-0.128571
0.768494,-0.181793
0.296570,-0.796631
-0.660767,-0.757202
-0.952026,-0.315643
-0.969360,0.618225
-0.911987,0.999969
-0.366425,0.893494
0.201385,-0.398560
0.415588,-0.557190
0.904358,-0.342072
0.498291,-0.544617
0.963165,0.487488
0.081879,0.796936
-0.599396,0.491394
-0.838593,0.551270
-1.000000,-0.423492
-0.905640,-1.000000
-0.657379,-0.720306
0.486847,-0.051361
0.786530,0.418854
0.342773,0.349335
0.999969,0.568054
0.469269,-0.325897
0.273254,-1.000000
-0.185760,-1.000000
-0.539948,-0.788940
-1.000000,0.317261
-0.591492,0.997009
-0.731018,0.609344
-0.038757,0.268219
0.582489,-0.684479
0.865784,-1.000000
0.999969,-1.000000
0.918976,-0.114807
0.258575,0.873535
-0.515564,0.809265
-0.207977,0.568176
-1.000000,0.165344
-0.951813,-0.723175
-0.581207,-0.691956
-0.197113,0.197388
0.128021,0.746490
0.677277,0.999969
0.965790,0.999969
0.999969,-0.090271
0.339600,-0.818848
0.175415,-0.548798
-0.463043,-0.564789
-0.953247,0.102539
-1.000000,0.917999
-0.845367,0.915863
-0.349670,0.418457
-0.105988,-0.416748
0.750061,-1.000000
0.791107,-1.000000
0.922821,-0.290222
0.698639,0.403564
-0.090271,0.999969
-0.498322,0.834473
-0.768463,0.284393
-1.000000,-0.738373
-0.615112,-1.000000
0.108124,-0.342194
0.326447,0.495819
0.552887,0.854095
0.999969,0.999969
0.743317,0.540222
0.999969,-0.300293
0.432831,-0.453857
-0.154266,-0.531921
-0.977631,-0.019684
-0.922180,0.668610
-1.000000,0.873352
-0.601654,0.719879
-0.127441,0.407318
0.302734,-1.000000
0.697815,-1.000000
0.946777,-0.620880
0.402039,0.255676
0.466125,0.476410
-0.248840,0.999969
-0.550812,0.545807
-0.914642,-0.644043
-0.833374,-1.000000
-0.955048,-1.000000
-0.340057,0.195679
0.333954,0.707001
0.871246,0.942352
0.999969,0.500214
0.781891,-0.034027
0.715912,-0.405304
-0.005676,-0.924347
-0.361023,-0.453064
-0.915497,0.008484
-1.000000,0.938110
-1.000000,0.999969
-0.187775,0.021454
0.513275,-0.231476
0.716431,-0.423767
0.872803,-1.000000
0.831970,-0.573975
0.286896,0.650116
-0.110229,0.999969
-0.572449,0.648102
-0.890717,-0.147400
-1.000000,-0.814117
-0.645172,-1.000000
-0.305847,-0.851227
0.628052,0.683838
0.776855,0.989288
0.999969,0.635468
0.782227,0.517365
0.741211,-0.822083
0.053772,-1.000000
-0.299713,-0.616241
-0.713959,-0.244019
-1.000000,0.628967
-1.000000,0.999969
-0.756042,0.999969
0.201813,-0.064880
0.952148,-0.936005
0.870819,-1.000000
0.999969,-0.496552
0.829071,0.674805
-0.012573,0.880310
-0.241425,0.698242
-0.949921,0.276306
-0.654755,-0.599823
-0.908264,-0.816376
-0.166290,-0.531158
-0.095032,0.243042
0.663818,0.890320
0.886932,0.999969
0.541687,0.999969
0.562256,-0.481842
0.467224,-0.952881
-0.234802,-1.000000
-0.957214,-0.177155
-1.000000,0.438690
-0.888092,0.894012
-0.845490,0.461975
0.105988,0.208527
0.290649,-0.681549
0.999969,-1.000000
0.758575,-0.965851
0.891266,-0.114288
0.093842,0.725861
-0.273743,0.617279
-0.756104,0.491333
-0.854156,-0.139191
-0.764313,-0.985168
-0.639923,-1.000000
-0.305908,-0.262299
0.512573,0.729858
0.960419,0.875092
0.999969,0.711212
0.999969,-0.209015
0.624329,-0.884918
-0.220642,-0.864563
-0.362213,-0.691742
-1.000000,0.282898
-1.000000,0.965332
-0.742279,0.999969
-0.399017,0.655121
0.193054,0.010315
0.840210,-0.794922
0.999969,-0.805725
0.899628,-0.286438
0.696747,0.254303
0.058685,0.872986
-0.382568,0.854675
-0.748352,-0.192383
-1.000000,-0.602448
-0.785278,-0.926300
-0.299500,-0.601135
0.132599,0.234894
0.999969,0.852051
0.807831,0.955994
0.810150,0.431915
0.315918,-0.174896
0.426056,-0.964111
-0.136444,-1.000000
-0.799683,-0.331207
-0.792847,0.622467
-0.859894,0.999969
-0.467010,0.999969
0.025238,-0.210480
0.630402,-0.575531
0.923706,-0.940521
0.999969,-0.625244
0.521027,0.228058
-0.084259,0.868958
-0.477539,0.975250
-0.951538,0.435791
-1.000000,-0.584015
-0.981537,-1.000000
-0.672333,-0.630829
0.009064,-0.216644
0.520905,0.939728
0.999969,0.791809
0.999969,0.574280
0.999969,0.261658
0.147003,-0.467163
-0.632629,-1.000000
-0.421844,-0.485870
-1.000000,0.576660
-0.959991,0.999969
-0.699188,0.636627
0.275391,0.692078
0.314819,-0.335815
0.668427,-0.924103
0.999969,-0.865997
0.955933,-0.327911
0.547699,0.687592
-0.136047,0.942596
-0.805359,0.999969
-0.830200,-0.069489
-1.000000,-0.854340
-1.000000,-0.978058
-0.032684,-0.620697
0.128876,0.793457
0.675751,0.999969
0.999969,0.917725
0.876801,0.527954
0.853607,-0.539429
0.034821,-1.000000
-0.207458,-0.906281
-0.706024,-0.193665
-1.000000,0.999969
-1.000000,0.999969
-0.667084,0.642914
0.051575,0.213501
0.525543,-0.841431
0.852509,-0.896088
0.999969,-0.751312
0.640564,0.488922
0.478210,0.620331
-0.449127,0.654297
-0.564423,0.434753
-1.000000,-0.500153
-0.861481,-1.000000
-0.315002,-0.834656
-0.092560,0.057343
0.434052,0.794830
0.999969,0.611115
0.999969,0.309113
0.685242,-0.618866
0.475342,-0.891418
-0.303009,-1.000000
-0.549316,-0.225769
-0.658417,0.209106
-1.000000,0.713562
-0.393494,0.999969
0.213989,0.650909
0.444489,-0.806641
0.999969,-1.000000
0.999969,-0.268250
0.570160,-0.064697
-0.056488,0.999969
-0.186493,0.999969
-0.463959,0.544434
-0.872925,-0.355774
-0.882477,-0.522461
-0.836121,-0.764923
-0.190338,-0.471741
-0.036041,0.571503
0.611908,0.778656
0.810669,0.848846
0.999969,0.454437
0.528870,-0.547455
-0.258331,-1.000000
-0.534149,-0.588562
-1.000000,-0.044037
-1.000000,0.999969
-0.588654,0.573944
-0.304932,0.336273
0.311584,-0.157806
0.904724,-1.000000
0.999969,-0.896973
0.999969,-0.130524
0.776184,0.813202
0.373657,0.778625
-0.327515,0.743866
-0.531006,-0.049377
-0.994934,-0.732635
-0.857422,-0.915833
-0.053528,-0.761780
-0.001984,0.346375
0.622864,0.942108
0.999969,0.855316
0.999969,0.495575
0.999969,-0.162659
0.453705,-0.721863
-0.265106,-0.725830
-0.955688,-0.237061
-0.867035,0.440033
-1.000000,0.999969
-0.477386,0.641449
0.180725,-0.074249
0.579651,-0.538879
0.999969,-0.670227
0.999969,-0.445465
0.988373,0.681549
0.389954,0.533356
-0.079071,0.948944
-0.612000,0.403992
-1.000000,-0.072937
-1.000000,-0.848846
-0.349701,-0.919128
-0.121704,-0.043610
0.564087,0.767120
0.621704,0.999969
0.999969,0.253845
0.980927,0.172638
0.129517,-1.000000
-0.034271,-0.961395
-0.664154,-0.878845
-1.000000,0.197449
-0.983307,0.999969
-1.000000,0.809082
-0.698242,0.758881
0.067169,-0.309692
0.560394,-1.000000
0.731476,-1.000000
0.515228,-0.222839
0.596466,0.750061
-0.356384,0.470062
-0.507385,0.803833
-0.725006,-0.049500
-0.994202,-0.632507
-0.761017,-0.517181
-0.414825,-0.556091
-0.108948,0.111084
0.697296,0.999969
0.999969,0.999969
0.999969,0.244873
0.527313,-0.664703
-0.251831,-0.930237
-0.396698,-1.000000
-0.762604,-0.041290
-1.000000,0.564484
-1.000000,0.815277
0.018677,0.839874
-0.415527,-0.160736
0.509491,-0.544678
0.648438,-1.000000
0.832703,-0.380157
0.778168,0.148804
0.253387,0.999969
-0.489166,0.999969
-0.608124,0.451324
-0.854584,-1.000000
-0.756256,-0.841309
-0.627197,-0.743683
0.234406,0.074738
0.679749,0.623260
0.999969,0.624634
0.999969,0.778259
0.999969,-0.335876
0.342133,-0.948944
-0.510559,-0.906250
-0.790100,0.184418
-1.000000,0.946625
-1.000000,0.666107
-0.499390,0.740723
-0.236450,0.388245
0.233765,-1.000000
0.755219,-0.720306
0.964020,-0.777588
0.938232,0.368896
0.220917,0.585114
-0.041016,0.779633
-0.606049,0.999969
-0.647797,-0.145386
-1.000000,-0.970215
-0.737183,-1.000000
-0.484375,-0.083618
0.020599,0.560211
0.851257,0.468811
0.937927,0.613617
0.999969,0.775940
0.332458,-0.668976
0.426666,-1.000000
-0.504700,-0.864868
-0.666901,0.018097
-1.000000,0.970825
-0.818146,0.938538
-0.176025,0.506439
0.346771,-0.334259
0.456665,-1.000000
0.632294,-0.638794
0.698456,-0.358490
0.306976,0.428436
0.125275,0.999969
-0.525818,0.766876
-0.928986,-0.060516
-1.000000,-0.678680
-0.672455,-0.526062
-0.335663,-0.502472
0.091919,0.021057
0.851776,0.652344
0.748505,0.907501
0.999969,0.081573
0.785004,0.025482
0.300598,-0.898224
-0.493317,-1.000000
-0.708771,-0.195557
-1.000000,0.255951
-1.000000,0.999969
-0.801025,0.705078
0.232025,0.009399
0.342926,-0.664764
0.862305,-0.802856
0.723511,-0.759705
0.715393,-0.105438
-0.392273,0.851990
-0.465515,0.759918
-1.000000,0.477692
-1.000000,-0.848511
-0.991547,-0.768982
-0.696228,-0.778229
0.322723,-0.416016
0.306061,0.552582
0.790833,0.999969
0.649170,0.999969
0.739990,-0.134552
0.134766,-0.472870
-0.105194,-1.000000
-0.432770,-0.485779
-0.853516,0.230438
-1.000000,0.977051
-1.000000,0.812531
0.103882,0.012512
0.788574,-0.544250
0.808777,-0.876648
0.772400,-0.928711
0.999969,-0.153168
0.399536,0.756226
-0.105042,0.999969
-0.333862,0.502350
-1.000000,-0.171967
-1.000000,-0.620941
-0.687775,-0.900970
-0.240692,-0.785065
0.243805,0.676331
0.818146,0.786041
0.999969,0.744812
0.999969,-0.041412
0.496368,-0.556549
0.293030,-1.000000
-0.395142,-0.853973
-0.959747,-0.243774
-1.000000,0.335876
-0.702087,0.999969
-0.512939,0.959015
0.122345,-0.247772
0.446228,-0.872406
0.597260,-0.880676
0.999969,-0.436584
0.693207,0.255188
0.490570,0.999969
-0.151062,0.620758
-0.546356,0.660065
-1.000000,-0.972839
-1.000000,-1.000000
-0.815735,-0.550568
0.111328,0.026367
0.999969,0.409637
0.999969,0.999969
0.820892,0.615173
0.968872,-0.404633
0.078033,-0.784973
-0.540985,-0.774841
-0.546722,0.105652
-1.000000,0.412903
-0.873230,0.895142
-0.309052,0.733856
-0.022278,-0.263275
0.641724,-0.506927
0.487732,-1.000000
0.999969,-0.767426
0.999969,-0.005402
0.554871,0.970764
-0.456451,0.366364
-0.668915,0.737274
-1.000000,-0.392914
-0.889313,-1.000000
-0.614990,-0.925842
-0.131866,-0.278107
0.248962,0.388885
0.647858,0.646423
0.861908,0.999969
0.999969,0.156067
0.117767,-0.824371
-0.046356,-0.728058
-0.471588,-0.584259
-1.000000,-0.171387
-0.887024,0.954407
-0.797791,0.573547
-0.540039,0.247223
0.258606,-0.296387
0.647156,-0.831940
0.883301,-0.885223
0.784851,-0.708984
0.637238,0.715057
-0.300751,0.999969
-0.522919,0.999969
-0.968231,-0.071442
-1.000000,-0.795166
-0.700806,-1.000000
-0.598022,-0.567566
0.232819,0.223877
0.841644,0.674255
0.908813,0.999969
0.999969,0.624390
0.850067,-0.235779
0.204407,-1.000000
-0.209351,-1.000000
-1.000000,-0.076721
-0.745483,0.902222
-1.000000,0.705292
-0.940887,0.251984
0.309509,0.321045
0.518005,-0.759430
0.999969,-0.730408
0.912506,-0.358368
0.553680,-0.049896
-0.356720,0.778687
-0.082520,0.757233
-0.771210,0.422852
-1.000000,-0.173157
-0.853210,-0.948395
-0.940796,-1.000000
-0.275024,0.108643
0.690369,0.624084
0.980377,0.895691
0.713562,0.236938
0.354156,0.027527
0.306183,-0.727020
-0.064117,-0.910187
-0.412811,-0.773041
-0.922943,0.113617
-1.000000,0.696106
-0.638672,0.999969
-0.484619,0.146881
0.115448,-0.527710
0.635681,-1.000000
0.718872,-0.611969
0.840393,-0.114716
0.330841,0.682617
-0.063873,0.999969
-0.635406,0.817291
-0.992584,0.063751
-1.000000,-1.000000
-0.506134,-0.925751
-0.193848,-0.267700
0.235718,0.408508
0.379150,0.999969
0.611481,0.999969
0.504639,0.555969
0.999969,-0.783142
0.329346,-1.000000
-0.376434,-0.809052
-1.000000,-0.199738
-1.000000,0.689453
-0.724304,0.999969
-0.083984,0.504700
-0.266602,-0.231476
0.523010,-0.897614
0.925049,-0.810120
0.529602,-0.202087
0.895172,0.349274
0.129822,0.872986
0.097198,0.999969
-0.869232,0.384216
-0.902222,-0.469543
-1.000000,-0.263519
-0.671722,-0.738556
-0.261261,0.076294
0.619781,0.726959
0.999969,0.999969
0.860992,0.461304
0.879395,0.002747
0.217529,-0.466309
-0.199707,-0.924805
-0.439667,-0.397949
-0.948029,0.307922
-1.000000,0.855042
-0.815094,0.465881
-0.149933,0.155487
0.391022,-0.820526
0.653168,-0.717651
0.999969,-0.672272
0.999969,0.068359
0.377747,0.999969
-0.157684,0.588898
-1.000000,0.605743
-1.000000,-0.513336
-1.000000,-1.000000
-0.793457,-0.866089
-0.105011,-0.130920
0.670807,0.296692
0.999969,0.999969
0.967590,0.999969
0.829376,-0.079193
0.714783,-0.888153
0.109589,-1.000000
-0.360962,-0.526184
-0.726990,0.112305
-1.000000,0.633057
-0.661041,0.999969
-0.350739,0.529999
0.052551,-0.429657
0.552063,-1.000000
0.999969,-0.803650
0.762848,-0.273010
0.346985,0.450897
0.159973,0.844757
0.015625,0.669983
-0.841003,-0.137787
-0.931091,-0.939636
-1.000000,-0.715546
-0.059601,-0.677460
0.139893,-0.219025
0.742004,0.737579
0.731049,0.999969
0.999969,0.313568
0.794098,0.014648
-0.035919,-1.000000
-0.321381,-1.000000
-0.882568,-0.453491
-0.969299,0.838867
-0.956970,0.864014
-0.574493,0.838928
-0.230927,-0.368439
0.459747,-0.873657
0.999969,-0.846344
0.999969,-0.864899
0.522400,0.233734
0.861755,0.997833
0.118652,0.999969
-0.669434,0.526001
-1.000000,-0.222229
-1.000000,-1.000000
-0.437317,-0.976135
-0.267242,-0.154877
0.330627,0.423767
0.999969,0.999969
0.999969,0.880554
0.999969,0.159088
0.546722,-0.499969
-0.201599,-1.000000
-0.738373,-0.661072
-0.765839,0.394348
-1.000000,0.999969
-0.441833,0.999969
-0.045746,0.541656
0.394592,-0.147003
0.782562,-0.908905
0.999969,-0.546387
0.999969,-0.114624
0.506897,0.842834
-0.347992,0.686218
-0.103912,0.999969
-0.764648,-0.508759
-1.000000,-0.769592
-0.196716,-1.000000
-0.207123,-0.742828
0.288300,0.405365
0.533203,0.998169
0.736847,0.999969
0.548553,0.307434
0.528931,-0.402893
-0.123474,-0.931519
-0.289062,-0.453735
-0.917725,0.196686
-0.604523,0.709503
-0.509033,0.999969
-0.397217,0.999969
0.048737,-0.221039
0.881073,-0.654907
0.687561,-1.000000
0.999969,-0.604218
0.557526,0.575562
0.133026,0.999969
-0.480469,0.999969
-0.653137,0.080963
-1.000000,-0.351105
-1.000000,-0.955292
-0.408417,-0.756256
-0.094666,0.377625
0.612854,0.999969
0.822296,0.490479
0.999969,0.658356
0.208527,-0.412598
0.434418,-0.942200
0.191864,-1.000000
-0.474762,-0.019531
-0.771301,0.711334
-0.997467,0.999969
-0.583038,0.999969
-0.057373,0.269928
0.455444,-0.470581
0.661072,-0.942261
0.921265,-0.747009
0.807648,0.169586
0.326416,0.712555
0.075104,0.897705
-0.056030,0.471741
-1.000000,-0.296539
-0.946228,-0.899170
-1.000000,-0.357880
0.068665,-0.603729
0.645477,0.244110
0.410156,0.999969
0.999969,0.804260
0.658478,-0.051270
0.582733,-0.593231
0.245667,-0.831665
-0.499115,-0.924255
-0.387756,0.020782
-0.378357,0.527649
-0.750916,0.993622
-0.756622,0.520325
0.140930,-0.177673
0.517517,-1.000000
0.803955,-0.834473
0.691772,-0.308868
0.640961,0.843201
0.582916,0.999969
-0.593903,0.661743
-0.909424,0.004883
-0.739227,-0.826996
-0.575592,-0.676727
-0.325348,-0.737762
0.341339,-0.191711
0.818146,0.801727
0.858551,0.999969
0.999969,0.582153
0.640228,-0.346008
0.021362,-0.544739
-0.188385,-1.000000
-0.766754,-0.164612
-1.000000,0.383759
-0.835754,0.817566
-0.311218,0.668671
0.087830,0.144775
0.575531,-0.286438
0.963531,-0.815094
0.999969,-0.818115
0.608704,0.176666
0.506165,0.751282
0.092438,0.878387
-0.826508,0.646545
-0.543976,-0.349518
-0.983276,-0.739258
-0.677979,-0.711823
-0.312622,-0.344757
0.256744,0.831573
0.633667,0.696533
0.999969,0.885895
0.999969,0.077972
0.551788,-0.535828
0.079010,-1.000000
-0.323517,-0.577545
-1.000000,0.280853
-1.000000,0.923401
-0.628174,0.999969
-0.062164,0.486938
0.038574,-0.337952
0.556976,-0.935028
0.999969,-0.440887
0.874908,-0.184631
0.655670,0.688965
-0.214752,0.871063
-0.897278,0.652588
-0.730804,0.050232
-0.726929,-1.000000
-0.416962,-0.932251
-0.672821,-0.647980
-0.076355,0.506531
0.377625,0.484497
0.965607,0.463806
0.806274,0.639954
0.917267,-0.565430
-0.213318,-1.000000
-0.823395,-1.000000
-0.800812,-0.075500
-0.733307,0.775818
-1.000000,0.999969
-0.716827,0.862030
0.078583,-0.093079
0.257660,-0.863159
0.947754,-0.726685
0.999969,0.026398
0.755798,0.388641
-0.204315,0.890106
-0.450287,0.999969
-0.849365,0.109131
-0.588287,-0.910217
-0.696442,-1.000000
-0.544800,-0.690826
0.292725,0.032593
0.298462,0.495697
0.823120,0.860260
0.999969,0.426758
0.999969,-0.009003
0.493561,-0.904480
-0.112823,-0.798706
-0.838135,-0.248871
-0.808411,0.390839
-1.000000,0.518097
-0.495056,0.927856
-0.048950,0.324890
0.688599,-0.791748
0.751526,-1.000000
0.999969,-0.805847
0.999969,0.436401
0.233032,0.774994
-0.077026,0.999969
-0.266418,0.297791
-0.918732,-0.441223
-1.000000,-1.000000
-0.605011,-0.760986
-0.284027,-0.194550
0.429352,0.298553
0.751709,0.999969
0.989624,0.999969
0.999969,0.202667
0.836578,-0.237976
0.101013,-1.000000
-0.163513,-0.686707
-1.000000,0.106445
-1.000000,0.860260
-0.729065,0.742798
-0.516998,0.602051
-0.062714,-0.825928
0.845062,-0.899872
0.999969,-0.802856
0.999969,-0.286011
0.711853,0.613464
-0.082642,0.815155
-0.545135,0.904694
-0.870575,-0.027679
-1.000000,-1.000000
-0.772522,-1.000000
0.094879,-0.762085
0.004150,-0.061554
0.768219,0.959625
0.712616,0.969971
0.999969,0.376923
0.490448,-0.505127
0.269196,-0.569061
-0.468567,-0.612976
-0.667358,-0.264801
-0.991180,0.598022
-0.910797,0.999969
0.127258,0.999969
-0.140839,0.246490
0.521545,-0.818481
0.999969,-1.000000
0.737366,-0.410645
0.905457,0.029419
0.089630,0.635834
0.007874,0.864471
-0.633881,0.596375
-0.829132,-0.398285
-1.000000,-0.906158
-0.568665,-0.595276
0.217224,-0.115051
-0.074738,0.368958
0.481598,0.999969
0.999969,0.813599
0.700348,-0.075836
0.367645,-0.874176
-0.446625,-1.000000
-0.825775,-0.537384
-1.000000,0.097870
-1.000000,0.786469
-0.900818,0.591522
-0.316833,0.214325
0.119537,-0.638702
0.999969,-0.845795
0.772736,-0.490295
0.999969,0.119537
0.448334,0.900360
-0.324554,0.999969
-0.670349,0.788544
-0.692047,0.055695
-0.757660,-0.978729
-0.746002,-0.788666
-0.266022,-0.751648
0.364014,0.468597
0.380920,0.737793
0.844879,0.684021
0.534729,0.175446
0.523102,-0.823273
0.324188,-0.982300
-0.273499,-0.533539
-0.335266,-0.111816
-0.962738,0.817932
-1.000000,0.999969
-0.056213,0.894409
0.398621,-0.202911
0.493225,-0.781219
0.993652,-0.409241
0.999969,-0.177643
0.793121,0.173920
0.378204,0.999969
-0.355469,0.668610
-0.790497,0.224731
-0.974030,-0.513977
-1.000000,-0.799225
-0.213928,-0.834442
0.001404,0.120239
0.685486,0.999969
0.709839,0.567719
0.753326,0.337952
0.761505,0.044617
0.273773,-0.940948
0.044586,-0.952423
-0.571625,-0.176117
-0.854095,0.930878
-1.000000,0.669861
-0.839813,0.643524
-0.066803,0.150177
0.356110,-0.623383
0.999969,-0.974548
0.999969,-0.776947
0.716888,0.328735
0.629517,0.578491
0.200012,0.999969
-0.551727,0.753296
-0.580963,-0.192963
-0.737427,-1.000000
-0.659241,-0.896942
-0.026520,-0.401245
0.373749,0.349670
0.689087,0.999969
0.999969,0.771362
0.909058,-0.017242
0.450531,-0.835358
0.395935,-0.972900
-0.482574,-1.000000
-0.290588,-0.256042
-1.000000,0.858673
-0.655670,0.686584
0.023529,0.394318
0.832672,-0.156921
0.774963,-0.717712
0.798248,-0.555664
0.999969,-0.502533
0.328430,0.723541
0.050751,0.999969
-0.373108,0.999969
-0.513733,0.105286
-0.678711,-0.524872
-0.852875,-0.743713
-0.227325,-0.715546
0.040131,0.064423
0.771301,0.549591
0.999969,0.941345
0.999969,0.513336
0.639923,-0.548828
0.110748,-0.927795
-0.170105,-0.954895
-0.482880,-0.319031
-0.518494,0.752899
-0.888885,0.999969
-0.495575,0.999969
-0.141449,-0.242554
0.892395,-0.776062
0.884094,-0.847260
0.887909,-0.867828
0.999969,0.653259
0.511322,0.927368
-0.062378,0.822052
-0.931915,0.613586
-0.877899,-0.349579
-0.827606,-0.936493
-0.867676,-0.998779
-0.162445,-0.562164
0.343353,0.408081
0.964722,0.854095
0.774872,0.808258
0.999969,0.081299
0.832916,-0.957397
-0.179871,-0.800720
-0.625427,-0.382812
-0.830627,0.248779
-0.705933,0.688324
-0.590393,0.999969
-0.133759,0.301270
0.222351,-0.710297
0.730072,-0.918518
0.999969,-0.698517
0.999969,-0.438721
0.659088,0.999969
-0.269623,0.519562
-0.435211,0.300781
-0.921570,0.161682
-1.000000,-0.742859
-0.830841,-1.000000
-0.526947,-0.481140
0.150818,0.493774
0.531738,0.729828
0.893341,0.999969
0.970093,0.432739
0.662476,-0.542114
0.063751,-0.943115
-0.467987,-0.922394
-0.839203,-0.247559
-0.897552,0.620209
-0.560211,0.999969
-0.295258,0.569885
0.047882,-0.268463
0.757172,-1.000000
0.889008,-1.000000
0.576843,-0.428925
0.182373,0.615234
-0.160553,0.999969
-0.383301,0.999969
-0.920349,0.153442
-1.000000,-0.660858
-0.891876,-0.911987
-0.679352,-0.536072
-0.140961,0.217804
0.668304,0.271942
0.999969,0.983337
0.999969,0.362549
0.849426,-0.327881
0.343323,-0.487305
-0.350861,-1.000000
-0.750763,-0.759094
-0.986237,0.473450
-1.000000,0.933075
-0.681030,0.753815
0.055603,0.364105
0.306274,-0.496918
0.957214,-0.914398
0.999969,-0.769012
0.999969,0.134338
0.607544,0.716705
-0.617157,0.999969
-0.749664,0.660950
-0.742340,-0.200897
-0.886688,-1.000000
-0.706024,-1.000000
-0.124847,-0.562805
0.582916,0.706665
0.816223,0.969116
0.824127,0.668671
0.860687,0.263489
0.485565,-0.780548
0.200470,-0.900299
-0.439850,-0.327301
-0.778564,0.321594
-0.960663,0.779755
-0.862823,0.949493
-0.316620,0.916779
0.270966,-0.368469
0.394562,-0.856537
0.999969,-0.828094
0.999969,-0.070068
0.598846,0.580170
0.463470,0.999969
-0.308594,0.853851
-0.940704,0.657227
-1.000000,-0.511261
-0.908234,-1.000000
-0.379974,-0.895660
0.280670,-0.193512
0.558228,0.999969
0.999969,0.777832
0.999969,0.655670
0.915344,-0.263336
0.407013,-1.000000
-0.512421,-0.423004
-0.901245,-0.099060
-0.939484,0.985565
-0.923462,0.999969
-0.895325,0.785797
-0.338562,-0.227875
0.761444,-0.737244
0.731476,-0.963043
0.999969,-0.918701
0.285095,0.218292
0.430603,0.911713
-0.222382,0.782654
-0.876160,0.474487
-0.884552,-0.704987
-1.000000,-1.000000
-0.431274,-0.823151
-0.097015,-0.302765
0.067383,0.717773
0.304657,0.917328
0.936554,0.511688
0.999969,0.152191
0.474396,-0.647675
-0.099823,-0.858154
-0.469727,-0.378876
-1.000000,0.502502
-0.656281,0.999969
-0.906921,0.931396
-0.214081,0.229614
0.248993,-0.508453
0.815277,-0.698181
0.558990,-1.000000
0.999969,-0.238129
0.654053,0.899597
0.449341,0.999969
-0.215332,0.555573
-0.898407,-0.158203
-1.000000,-0.850403
-1.000000,-1.000000
-0.326477,-1.000000
0.271515,0.234741
0.940918,0.992981
0.762329,0.999969
0.999969,-0.050140
0.639465,-0.674103
-0.061005,-1.000000
-0.260803,-0.992493
-0.787323,-0.206696
-1.000000,0.276917
-0.427032,0.973297
-0.297699,0.507568
0.087311,-0.047913
0.685516,-0.833893
0.963348,-0.722656
0.999969,-0.071564
0.808502,0.409912
0.087585,0.667114
-0.508453,0.929810
-0.701202,0.535126
-0.572296,-0.600006
-0.969574,-0.907043
-0.758423,-0.961670
-0.053314,0.337402
0.423828,0.835907
0.827789,0.899353
0.999969,0.204437
0.752777,-0.376251
0.197418,-1.000000
-0.321716,-1.000000
-1.000000,-0.305145
-1.000000,0.619293
-1.000000,0.995697
-0.738831,0.865448
-0.354553,0.251251
0.275787,-0.030334
0.779297,-0.924042
0.731628,-0.675629
0.842407,0.408813
0.509979,0.801849
-0.327301,0.835419
-0.374451,0.740356
-1.000000,-0.356842
-1.000000,-0.855774
-1.000000,-0.727997
-0.299561,-0.149658
0.034302,0.125275
0.653320,0.446869
0.828125,0.658691
0.636047,0.481262
0.070404,-0.613800
0.126312,-1.000000
-0.084900,-0.701202
-0.403931,0.344055
-1.000000,0.889435
-0.792114,0.999969
-0.434387,0.016388
0.239502,-0.369171
0.501709,-0.919586
0.545807,-1.000000
0.935730,-0.281952
0.349609,0.397369
-0.313324,0.999969
0.096893,0.654236
-0.898895,0.347748
-0.909698,-0.716644
-0.580139,-0.798218
-0.810516,-0.112701
0.204315,0.182434
0.735657,0.999969
0.962463,0.721161
0.999969,0.841492
0.589081,-0.652832
0.384155,-0.958496
-0.520294,-0.948303
-0.959869,-0.479431
-0.831543,0.286255
-0.523926,0.999969
-0.618408,0.435089
-0.112915,-0.299713
0.623260,-0.493286
0.999969,-0.993347
0.999969,-0.493805
0.842224,0.021027
0.188446,0.831238
-0.081726,0.999969
-0.724823,0.420105
-0.667114,-0.034149
-1.000000,-1.000000
-0.591919,-0.880249
0.176361,0.018555
0.323242,0.835449
0.707031,0.557190
0.791290,0.619507
0.784424,-0.207367
0.389069,-0.785400
-0.081390,-0.870697
-0.820953,-0.432587
-0.925446,0.531891
-1.000000,0.999969
-0.789551,0.994385
-0.409912,0.541687
0.267120,-0.387878
0.999969,-1.000000
0.999969,-0.791016
0.999969,-0.481903
0.708038,0.914642
-0.285736,0.528778
-0.662720,0.543427
-1.000000,-0.090881
-0.874054,-0.824097
-0.673859,-0.553986
-0.306030,-0.471313
0.146454,0.193054
0.500122,0.999969
0.976105,0.631195
0.999969,0.398743
0.719025,-0.475922
0.152435,-1.000000
-0.286896,-0.920898
-0.716125,-0.322205
-1.000000,0.287170
-0.842529,0.903625
-0.529114,0.797241
-0.342743,-0.327118
0.326477,-0.492462
0.872375,-1.000000
0.999969,0.044708
0.655853,0.227936
0.281158,0.966095
-0.531036,0.999969
-1.000000,0.498260
-0.972717,-0.748047
-1.000000,-0.828583
-0.269897,-0.994751
0.387878,-0.381348
0.448944,0.893463
0.999969,0.607025
0.999969,0.100677
0.465485,-0.235931
0.322815,-0.565430
-0.164154,-0.671631
-0.590179,-0.716919
-0.823639,0.442230
-0.793121,0.999969
-0.471832,0.999969
-0.181854,0.516418
0.518677,-0.268860
0.343079,-0.807007
0.738800,-1.000000
0.999969,0.064941
0.286163,0.473328
-0.038727,0.999969
-0.286346,0.921478
-1.000000,-0.724274
-1.000000,-0.714203
-0.817261,-1.000000
-0.123932,-0.437134
0.284515,0.284943
0.563232,0.999969
0.642059,0.901215
0.818207,0.085388
0.482605,-0.573059
-0.119659,-0.773499
-0.590607,-0.860748
-1.000000,-0.065704
-0.870941,0.969482
-1.000000,0.999969
-0.297943,0.763214
0.372101,-0.356110
0.517334,-1.000000
0.962158,-1.000000
0.999969,-0.483978
0.486084,0.784546
0.108917,0.863098
-0.341766,0.845276
-1.000000,0.103638
-0.813293,-1.000000
-0.602020,-0.718750
-0.362091,-0.170868
0.115356,0.158813
0.363159,0.999969
0.999969,0.791595
0.703125,0.567169
0.999969,0.091980
0.340210,-0.650635
-0.271088,-1.000000
-0.869812,-0.450470
-1.000000,0.590546
-1.000000,0.940735
-0.450348,0.731628
0.539307,0.284180
0.697510,-0.696198
0.970215,-0.621704
0.872559,-0.588287
0.809174,0.192749
0.545410,0.999969
-0.279297,0.999969
-0.284180,0.335754
-1.000000,-0.788940
-1.000000,-1.000000
-0.611755,-0.708832
-0.548767,-0.046021
0.560272,0.295319
0.864105,0.999969
0.999969,0.825439
0.999969,-0.318817
0.667206,-1.000000
0.067383,-0.718933
-0.728302,-0.924072
-0.954285,0.376648
-0.895905,0.999969
-0.988068,0.523438
-0.454132,0.301178
0.234833,-0.746460
0.799194,-0.954803
0.999969,-0.909943
0.999969,-0.481049
0.433105,0.804504
-0.140625,0.999969
-0.189148,0.528076
-0.289856,0.006042
-0.956268,-1.000000
-0.888885,-1.000000
-0.646088,-0.741577
0.440491,0.305847
0.771881,0.806702
0.999969,0.999969
0.740723,0.260925
0.677277,-0.406433
-0.034241,-0.857544
-0.148865,-0.698730
-0.969940,-0.013214
-1.000000,0.985229
-0.924469,0.738159
-0.211670,0.989075
0.207733,-0.014069
0.398987,-1.000000
0.802429,-0.712738
0.741150,-0.169525
0.820160,0.764374
0.296722,0.849915
-0.695892,0.999969
-1.000000,0.281433
-1.000000,-0.905853
-0.745117,-1.000000
-0.494293,-0.537842
-0.345123,0.400818
0.185120,0.481140
0.999969,0.968872
0.961212,0.431854
0.695496,0.197693
0.624512,-1.000000
-0.400574,-0.646210
-0.676819,-0.522308
-0.881531,0.607513
-0.760590,0.664886
-0.814484,0.999969
-0.032074,-0.324982
0.999969,-0.551392
0.508484,-0.904297
0.999969,-0.890594
0.795349,-0.159973
0.248993,0.918060
-0.297974,0.754211
-0.512177,0.525726
-0.426208,-0.907227
-1.000000,-1.000000
-0.586182,-0.933899
-0.347504,-0.080353
0.772156,0.114960
0.903595,0.999969
0.962891,0.926056
0.999969,-0.019592
0.530792,-0.671692
0.247528,-0.510132
-0.573517,-0.979462
-1.000000,0.219299
-0.938629,0.861969
-0.432861,0.999969
-0.597778,0.482391
0.168335,-0.267365
0.931732,-0.980072
0.545685,-1.000000
0.999969,-0.407410
0.791809,0.584442
0.159698,0.999969
-0.606079,0.916779
-0.848328,0.552582
-0.979156,-1.000000
-0.637634,-0.846313
-0.285553,-0.593109
0.033661,0.159027
0.985626,0.691772
0.932526,0.932404
0.793243,0.585999
0.609100,-0.287415
0.414459,-1.000000
-0.286652,-0.672638
-0.583130,-0.166748
-0.978241,0.999969
-0.345032,0.745026
-0.904388,0.584229
-0.092987,-0.391724
0.513214,-0.744843
0.920929,-0.771240
0.999969,-0.685760
0.830902,0.106476
0.304596,0.809357
-0.207184,0.907990
-0.539093,0.611511
-1.000000,-0.430328
-0.843109,-1.000000
-0.973358,-0.704834
-0.129578,-0.472534
0.223328,0.757324
0.700775,0.952271
0.999969,0.999969
0.595215,-0.201111
0.212799,-0.687134
-0.450836,-0.959534
-1.000000,-0.773651
-0.977753,0.472565
-0.714996,0.403259
-0.747772,0.488800
-0.274811,0.037506
0.096283,-0.191833
0.999969,-0.754944
0.937958,-1.000000
0.999969,-0.152161
0.612946,0.500153
-0.058807,0.999969
-0.290100,0.999969
-0.681335,-0.307953
-1.000000,-0.379883
-0.492126,-1.000000
0.067932,-0.629456
0.207855,0.466553
0.649933,0.999969
0.999969,0.963531
0.999969,-0.051239
0.804016,-0.686584
0.054840,-1.000000
-0.274017,-0.896393
-0.612305,-0.230927
-0.960297,0.802307
-0.812439,0.999969
-0.714294,0.567444
-0.150238,-0.043610
0.296783,-0.677063
0.665710,-0.931000
0.940247,-0.494812
0.346069,0.261383
0.724640,0.683868
-0.165009,0.814087
-1.000000,0.258179
-1.000000,-0.620422
-0.924927,-0.945007
-0.914948,-0.735291
-0.102814,0.149841
0.775940,0.604675
0.864319,0.967255
0.978668,0.632782
0.557922,-0.306610
0.206055,-0.812531
-0.524658,-1.000000
-0.625671,-0.280151
-1.000000,0.537140
-0.768768,0.960663
-0.346893,0.767822
0.128845,0.070709
0.426086,-1.000000
0.734039,-0.753479
0.726349,-0.564972
0.873230,-0.186981
0.648376,0.451569
-0.188171,0.899750
-0.662231,0.684235
-0.806091,-0.090698
-0.781799,-0.781464
-1.000000,-0.752197
-0.177826,0.062042
0.374054,0.102722
0.748047,0.999969
0.999969,0.803406
0.819550,-0.055450
0.347321,-0.506104
0.061707,-1.000000
-0.429230,-0.398041
-0.949585,-0.119202
-0.815735,0.626068
-1.000000,0.999969
-0.570587,0.285309
-0.464294,-0.303162
0.823669,-1.000000
0.753387,-0.655792
0.887299,-0.179199
0.849121,0.441040
0.123383,0.843079
-0.532349,0.691315
-1.000000,0.591248
-1.000000,-0.718201
-0.711945,-1.000000
-0.772858,-0.667664
0.096680,0.506500
0.798401,0.459473
0.626282,0.999969
0.999969,0.273071
0.859863,-0.443787
0.025299,-0.792450
-0.666626,-1.000000
-0.684998,-0.127350
-0.813019,0.562012
-0.771545,0.681000
-0.361481,0.788635
-0.264282,0.129761
0.662567,-0.603058
0.771301,-1.000000
0.868225,-0.582275
0.433990,0.361633
0.576233,0.994476
-0.183380,0.856842
-0.482758,0.098389
-0.637146,-0.372955
-1.000000,-0.889954
-0.479736,-0.511749
-0.114807,-0.514862
0.638275,0.544281
0.999969,0.999969
0.999969,0.684418
0.663940,0.397461
0.405609,-0.863922
-0.052917,-1.000000
0.082611,-0.368866
-0.669678,-0.035919
-0.456146,0.999969
-0.614441,0.999969
-0.175171,0.253326
0.467346,-0.702820
0.663849,-0.559692
0.999969,-0.746368
0.865723,-0.221313
0.224945,0.510986
0.194672,0.959686
-0.882690,0.947205
-1.000000,0.315186
-0.929230,-0.809479
-0.994415,-0.879425
-0.533875,-0.411438
0.186310,-0.038361
0.597809,0.955261
0.925110,0.789642
0.999969,0.181213
0.362244,-0.565765
-0.161713,-1.000000
-0.903229,-0.946045
-0.933960,0.112976
-0.851501,0.734100
-1.000000,0.883087
-0.321808,0.547302
0.232758,-0.408936
0.844971,-1.000000
0.999969,-1.000000
0.820923,-0.475494
0.515564,0.514130
0.233337,0.939178
-0.478912,0.857391
-0.457062,0.035736
-0.685242,-0.359894
-0.879700,-0.941071
-0.627533,-0.619110
0.114197,0.049011
0.385315,0.926208
0.873016,0.999969
0.875122,0.482178
0.805450,-0.101227
0.582520,-0.723358
-0.056549,-0.945831
-0.451447,0.044739
-1.000000,0.215118
-0.903687,0.852234
-0.843323,0.864136
-0.025940,0.173370
0.506683,-0.673309
0.999969,-1.000000
0.999969,-0.522766
0.992767,0.042572
0.320984,0.601471
-0.218384,0.999969
-1.000000,0.735962
-1.000000,0.056000
-1.000000,-0.906952
-0.499237,-0.495575
-0.020874,-0.124664
0.361206,0.079498
0.697235,0.692047
0.999969,0.946045
0.999969,0.085999
0.833649,-0.698486
-0.100250,-0.759735
-0.494385,-0.285797
-1.000000,0.199432
-0.904114,0.844025
-0.616608,0.999969
-0.129059,0.481323
-0.119781,-0.431000
0.819916,-1.000000
0.781738,-1.000000
0.859711,-0.258575
0.799652,0.339569
0.178619,0.570404
-0.470490,0.494598
-0.711090,0.153595
-0.634583,-0.463135
-0.986115,-0.729584
-0.735718,-0.106445
-0.147858,-0.074829
0.412384,0.999969
0.793823,0.979187
0.999969,0.329315
0.240814,-0.477997
0.275269,-0.744995
-0.504303,-0.729980
-0.536011,-0.626312
-1.000000,0.807739
-0.899292,0.999969
-0.741638,0.692810
-0.152374,-0.219360
0.473877,-0.917694
0.849823,-1.000000
0.876373,-0.589905
0.999969,0.135620
0.453278,0.805481
0.192200,0.993378
-0.769104,0.316223
-0.736481,-0.813293
-1.000000,-1.000000
-0.480743,-0.963715
-0.028931,-0.551086
0.350220,0.821503
0.999969,0.514069
0.999969,0.801483
0.999969,-0.121979
0.527740,-0.863251
0.022400,-0.841095
-0.774170,-0.599884
-1.000000,0.226135
-1.000000,0.706116
-0.665405,0.999969
-0.009918,0.551971
0.153564,-0.330261
0.672394,-0.856171
0.999969,-0.653168
0.761780,0.043243
0.961334,0.754456
0.214874,0.999969
-0.656738,0.507812
-0.924805,-0.105408
-1.000000,-0.692535
-0.675964,-1.000000
-0.024994,-0.483551
-0.143616,0.288361
0.999969,0.999969
0.999969,0.999969
0.821167,0.521515
0.595306,-0.392822
0.178925,-0.760254
-0.367676,-0.802948
-0.578278,-0.030334
-0.756287,0.566681
-0.926910,0.999969
-0.462921,0.999969
0.276001,-0.145691
0.650391,-0.856903
0.999969,-0.769043
0.821381,-0.783447
0.812561,0.634918
0.286987,0.754395
-0.019135,0.999969
-1.000000,0.284363
-0.993530,-0.593658
-0.889008,-1.000000
-1.000000,-0.652344
0.279022,0.251404
0.999969,0.898254
0.849060,0.999969
0.999969,0.268250
0.677979,-0.218201
0.416199,-1.000000
-0.307434,-0.918243
-0.729858,-0.261597
-0.613190,0.262268
-1.000000,0.999969
-0.752228,0.740570
-0.128937,0.306885
0.404266,-0.701233
0.999969,-1.000000
0.999969,-0.871918
0.628052,-0.268311
0.290588,0.999969
0.004395,0.438782
-0.708588,0.243622
-0.498383,-0.720490
-0.609222,-1.000000
-0.582123,-1.000000
-0.096527,-0.195648
0.254639,0.492767
0.952545,0.744446
0.999969,0.524719
0.932617,-0.182678
0.963074,-0.728607
0.149933,-1.000000
-0.556641,-0.575409
-0.818024,0.091888
-0.748566,0.739044
