0.106584035,-255,8
0.050310962,-248,66
0.050031912,-232,192
0.061026704,-50,1648
0.099242218,-253,8
0.055210348,-48,1648
0.050006162,-27,1814
0.052724123,-26,1824
0.064713001,-247,8
0.050700255,-244,32
0.078050017,-243,8
0.072233491,-22,1776
0.055595055,-4,1920
0.051929682,-244,-16
0.236763299,-241,8
0.057231333,-235,56
0.068541467,-195,376
0.051684193,-158,672
0.053580321,-153,712
0.060107019,-150,736
0.056238588,-139,824
0.053368997,-131,888
0.060788464,-125,938
0.059316080,-117,1000
0.095887184,-104,1104
0.051777478,-69,1386
0.084689401,-29,1704
0.053907987,-21,1768
0.098025568,-20,1776
0.054170933,-9,1864
0.103289925,-5,1896
0.052612536,2,1952
0.050310962,-248,-66
0.070146717,-167,582
0.051184103,-131,868
0.060509279,-97,1142
0.051832713,-53,1494
0.068364672,-43,1574
0.054376304,-235,8
0.064165741,-229,8
0.061004028,-98,1056
0.050495818,1,1848
0.067030810,-227,8
0.068959765,-112,928
0.166988060,-225,8
0.057730611,-185,328
0.051355653,-163,504
0.051797789,-159,540
0.058128297,-156,560
0.077142455,-111,922
0.052379228,-95,1048
0.050937466,-87,1112
0.050727356,-85,1130
0.066266224,-74,1216
0.057916913,-44,1456
0.055310380,-43,1466
0.060372978,-1,1800
0.088567674,5,1848
0.058708686,-223,8
0.071707919,-215,8
0.072261818,-193,184
0.051971819,-143,584
0.057906557,-118,784
0.057733662,-91,1000
0.059865955,-80,1088
0.055533893,-211,8
0.053287216,-232,-176
0.130653024,-209,8
0.060359426,-138,576
0.058912024,-5,1640
0.075977676,-170,302
0.070618860,-4,1630
0.065468855,-205,8
0.074536584,-168,304
0.055656571,-149,456
0.052182779,-127,632
0.073336445,-203,8
0.066696785,-148,448
0.053771682,-101,822
0.094515622,-100,832
0.091306336,-195,8
0.055997394,-96,800
0.051821124,20,1710
0.057914343,-189,8
0.100662850,-187,8
0.085243180,-159,232
0.056764830,-124,512
0.060127072,-31,1256
0.085542731,-185,8
0.076066732,-139,376
0.054137427,-90,768
0.073612012,26,1696
0.057202801,-179,8
0.070662171,-122,464
0.062477034,10,1520
0.073445573,22,1616
0.075331226,-193,-168
0.159182757,-171,8
0.070154913,-132,322
0.052172586,-119,424
0.053040434,-118,432
0.050346848,-106,528
0.054591820,-96,608
0.059697852,-92,640
0.091654018,-90,656
0.052491434,-69,824
0.061359566,-59,904
0.055968940,-58,912
0.050235916,-27,1160
0.095259421,14,1488
0.074320965,33,1640
0.081138656,-169,8
0.058651496,-84,686
0.069410898,-167,8
0.051128738,-149,134
0.076697439,-163,8
0.050569151,-100,512
0.056053318,-92,576
0.079268552,-4,1280
0.059995253,-161,8
0.055078547,-157,8
0.090054445,-144,112
0.056757107,-155,8
0.052075446,-82,592
0.075892612,-151,8
0.051114593,-48,832
0.055102505,-195,-360
0.081172429,-149,8
0.069808491,-147,8
0.054708648,38,1488
0.056412823,-185,-312
0.073125228,-145,8
0.051059835,-45,810
0.050558500,-173,-280
0.061637167,-137,8
0.058745943,31,1352
0.104983784,-133,8
0.050079953,11,1162
0.075977676,-170,-302
0.071673974,-168,-288
0.081881285,-159,-216
0.051128738,-149,-134
0.089752786,-144,-96
0.305840671,-131,8
0.084130555,-125,56
0.064983100,-122,80
0.093341559,-112,160
0.080391541,-101,248
0.063900493,-100,256
0.057767060,-96,288
0.058699984,-90,336
0.057779990,-86,368
0.063317783,-65,536
0.064802289,-63,554
0.050941974,-39,744
0.069944561,-38,752
0.084148467,-13,952
0.072641343,-5,1016
0.084203325,4,1088
0.054695796,28,1280
0.147002965,35,1336
0.106338091,43,1400
0.054569695,45,1416
0.074711069,50,1456
0.112728909,-129,8
0.073580772,-118,94
0.069742315,-111,152
0.062641926,-111,154
0.052234087,-99,248
0.072124869,-64,526
0.084988080,-39,726
0.069693796,-38,736
0.050398424,12,1134
0.055757094,47,1416
0.059840910,-127,8
0.050772384,-62,528
0.086040437,-125,-40
0.103732273,-119,8
0.057981156,-116,32
0.051375370,-103,136
0.068145536,-95,200
0.067077562,-60,480
0.061549965,-43,616
0.095624685,-32,704
0.077940688,-7,904
0.073527522,10,1040
0.059543941,-122,-64
0.058109220,-116,-16
0.090321586,-113,8
0.051174980,-100,112
0.055651501,-57,456
0.053826097,-54,480
0.051735103,-54,482
0.055468261,-27,696
0.063535132,-4,880
0.110465944,-111,8
0.052762240,-81,246
0.086386241,-80,256
0.052836828,-53,472
0.073580772,-118,-94
0.114492819,-105,8
0.067404516,-57,392
0.076473489,-51,440
0.053825419,17,986
0.054663237,48,1234
0.052009717,65,1350
0.051232450,-163,-488
0.055414610,-101,8
0.053329602,-97,8
0.052136425,-95,24
0.110769749,-95,8
0.070146717,-167,-582
0.055175699,-149,-440
0.061435267,-148,-432
0.070364960,-139,-360
0.092984289,-112,-144
0.062194623,-111,-136
0.248287752,-93,8
0.063913815,-81,104
0.060239486,-79,120
0.063357532,-79,122
0.057493582,-78,128
0.060990661,-67,216
0.096023574,-45,392
0.103401326,-20,592
0.050260492,-5,712
0.056070521,-1,744
0.058196526,49,1144
0.079236232,54,1184
0.052985445,56,1200
0.080924496,62,1248
0.059441980,63,1256
0.050577514,65,1274
0.087839894,72,1328
0.051797789,-159,-540
0.070154913,-132,-322
0.062641926,-111,-154
0.060453475,-57,278
0.062224559,-45,374
0.051655903,-30,494
0.067950904,-20,574
0.062154964,-19,582
0.062567875,23,918
0.062377259,53,1158
0.059752416,-89,8
0.056688301,-77,104
0.057218563,-156,-544
0.052073650,-103,-120
0.050181970,-100,-96
0.077332988,-87,8
0.116113856,-77,8
0.052367389,-12,528
0.052247502,39,936
0.051380254,-158,-656
0.065896131,-75,8
0.053206258,-143,-568
0.079004228,-101,-232
0.066357411,-95,-184
0.096231103,-71,8
0.055670798,-70,16
0.059602249,-19,424
0.063973173,-9,504
0.083318554,-8,512
0.052322939,25,776
0.066406414,-100,-240
0.065258145,-81,-88
0.059629835,-70,0
0.123048015,-69,8
0.059440263,-39,248
0.060179137,-18,416
0.092844769,-7,504
0.056855977,-119,-408
0.053963602,-81,-104
0.140567511,-67,8
0.072034135,-32,288
0.071441263,66,1072
0.060064357,78,1168
0.058410287,-153,-696
0.068520635,-122,-448
0.052034874,-118,-416
0.063818783,-79,-104
0.054237466,-77,-88
0.189330652,-65,8
0.085744202,-33,264
0.059056461,-31,280
0.056390785,-31,282
0.095834330,-16,400
0.066804171,-11,440
0.059329432,-7,472
0.061767984,-6,480
0.062912740,10,608
0.050019648,20,688
0.075095542,41,856
0.053202931,48,912
0.053457219,59,1000
0.066208407,67,1064
0.072247863,70,1088
0.110763356,79,1160
0.063357532,-79,-122
0.058595501,-78,-112
0.080462925,-63,8
0.057157248,-124,-496
0.059989691,-96,-272
0.153137326,-61,8
0.051460363,-30,256
0.079195268,-28,272
0.061530758,-150,-720
0.082474321,-59,8
0.067919552,71,1048
0.055298295,-51,8
0.058395673,-127,-616
0.053967763,-98,-384
0.056594994,-91,-328
0.068800159,-90,-320
0.052762240,-81,-246
0.081526615,-80,-240
0.127821267,-49,8
0.057956867,-43,56
0.055357762,28,624
0.056059413,28,626
0.054254111,75,1000
0.056732416,76,1008
0.050063647,84,1072
0.050498337,87,1096
0.068163142,-23,198
0.058654692,-67,-200
0.067825124,-41,8
0.052365586,-19,184
0.054588143,-39,8
0.058306511,-139,-808
0.051318206,-84,-368
0.057275306,-43,-40
0.126745135,-37,8
0.053354636,-29,72
0.056769732,-18,160
0.060747836,-16,178
0.064782642,-2,288
0.051110838,9,376
0.068920717,34,576
0.069786131,59,776
0.054230094,82,960
0.077758729,97,1080
0.063219838,-35,8
0.055945367,59,758
0.052481703,54,688
0.052669022,-27,8
0.064785272,-25,8
0.055200420,66,736
0.051184103,-131,-868
0.060850505,-118,-768
0.050817918,-96,-592
0.053213146,-92,-560
0.060453475,-57,-278
0.153592333,-21,8
0.056625307,-8,112
0.065815844,6,224
0.062574171,52,592
0.061945111,67,712
0.073310703,71,744
0.056654438,89,888
0.050992426,90,896
0.067545488,107,1032
0.052717023,112,1072
0.060187243,116,1104
0.060215373,-92,-624
0.071912639,-13,8
0.050792538,-4,80
0.078808218,-11,8
0.052487884,-112,-816
0.092499711,-90,-640
0.050701343,-88,-624
0.056541145,-82,-576
0.076787680,-57,-376
0.061137840,-39,-232
0.157411247,-9,8
0.051595081,54,512
0.062029574,57,536
0.059000403,65,602
0.054088268,75,680
0.057322670,96,850
0.052583475,114,992
0.060788464,-125,-938
0.064973041,-60,-464
0.050952494,-57,-440
0.088152446,-33,-248
0.161247060,-1,8
0.063551039,16,144
0.069345005,23,200
0.073039442,27,232
0.064196520,42,352
0.054998513,52,432
0.054120012,62,514
0.051793110,78,640
0.052586358,99,808
0.071691081,111,904
